x index1 index2 index3 index4 limits4 
2 0.0 0.4319002391952681 0.5887060161176828 0.6354591684249102 0. 
3 0.0 0.2982554643950618 0.43984344019990773 0.48644343738336016 0. 
4 0.0 0.23419817712918756 0.35831546747594656 0.40109018114104844 0. 
5 0.0 0.19549009232297798 0.30558008560907035 0.3445420692240444 0. 
6 3.3306690738754696e-16 0.16915763104801085 0.2681716292102002 0.3038216364741294 0. 
7 2.220446049250313e-16 0.14989599783976792 0.24001691151082305 0.272855695179402 0. 
8 0.0 0.13509621595297583 0.21793105903640497 0.24838031176560582 0. 
9 0.0 0.12331249412421141 0.20006649525325682 0.22846844491915552 0. 
10 0.0 0.11367331918135892 0.18527052719794213 0.21190175125578548 0. 
