x index1 index2 index3 index4 limit1 limit2 limit3 limit4 
2 0.9999988003000498 0.4319002391952681 0.19549009232297798 0.11367331918135892 0.9999996276873944 0.6896618978307184 0.39296443102788525 0.24545917196319897 
3 0.9999992239466189 0.5237395253321924 0.25637499952660425 0.1525746713459245 0.9999996276873944 0.6896618978307184 0.39296443102788525 0.24545917196319897 
4 0.9999993184507453 0.5649481669528233 0.2869414038429138 0.1727558871477619 0.9999996276873944 0.6896618978307184 0.39296443102788525 0.24545917196319897 
5 0.9999993894808297 0.5887060161176828 0.30558008560907035 0.18527052719794213 0.9999996276873944 0.6896618978307184 0.39296443102788525 0.24545917196319897 
6 0.9999994554087804 0.6043026189887999 0.3182379240744456 0.19385582458893358 0.9999996276873944 0.6896618978307184 0.39296443102788525 0.24545917196319897 
7 0.9999994716463504 0.6153940473836668 0.3274463845866288 0.20014329176185186 0.9999996276873944 0.6896618978307184 0.39296443102788525 0.24545917196319897 
8 0.9999994780683383 0.6237220233409022 0.33447391514288594 0.20496400045033825 0.9999996276873944 0.6896618978307184 0.39296443102788525 0.24545917196319897 
9 0.9999995554979427 0.6302259955412397 0.3400295343596157 0.2087879183332444 0.9999996276873944 0.6896618978307184 0.39296443102788525 0.24545917196319897 
10 0.9999995088312786 0.6354591684249102 0.3445420692240444 0.21190175125578548 0.9999996276873944 0.6896618978307184 0.39296443102788525 0.24545917196319897 
