x index1 index2 index3 index4 limits4 
2 0.0 0.43190023919526743 0.5887060161176829 0.6354591684249102 0. 
3 0.0 0.2982554643950611 0.43984344019990795 0.4864434373833598 0. 
4 0.0 0.2341981771291879 0.3583154674759469 0.40109018114104866 0. 
5 0.0 0.19549009232297787 0.30558008560907 0.3445420692240444 0. 
6 0.0 0.16915763104801096 0.2681716292102002 0.3038216364741294 0. 
7 0.0 0.14989599783976792 0.24001691151082305 0.272855695179402 0. 
8 0.0 0.13509621595297594 0.21793105903640486 0.2483803117656057 0. 
9 0.0 0.12331249412421119 0.2000664952532567 0.2284684449191553 0. 
10 0.0 0.11367331918135892 0.18527052719794213 0.21190175125578548 0. 
