x index1 index2 index3 index4 limit1 limit2 limit3 limit4 
2 0.9999988003000495 0.43190023919526743 0.19549009232297787 0.11367331918135892 0.9999996276873943 0.6896618978307182 0.3929644310278851 0.24545917196319897 
3 0.9999992239466196 0.5237395253321919 0.25637499952660414 0.1525746713459245 0.9999996276873943 0.6896618978307182 0.3929644310278851 0.24545917196319897 
4 0.9999993184507451 0.5649481669528231 0.28694140384291367 0.1727558871477619 0.9999996276873943 0.6896618978307182 0.3929644310278851 0.24545917196319897 
5 0.9999993894808293 0.5887060161176829 0.30558008560907 0.18527052719794213 0.9999996276873943 0.6896618978307182 0.3929644310278851 0.24545917196319897 
6 0.9999994554087809 0.6043026189887997 0.3182379240744456 0.19385582458893358 0.9999996276873943 0.6896618978307182 0.3929644310278851 0.24545917196319897 
7 0.9999994716463506 0.6153940473836669 0.3274463845866288 0.2001432917618513 0.9999996276873943 0.6896618978307182 0.3929644310278851 0.24545917196319897 
8 0.9999994780683382 0.6237220233409025 0.33447391514288594 0.20496400045033825 0.9999996276873943 0.6896618978307182 0.3929644310278851 0.24545917196319897 
9 0.9999995554979427 0.6302259955412393 0.3400295343596157 0.20878791833324462 0.9999996276873943 0.6896618978307182 0.3929644310278851 0.24545917196319897 
10 0.9999995088312784 0.6354591684249102 0.3445420692240444 0.21190175125578548 0.9999996276873943 0.6896618978307182 0.3929644310278851 0.24545917196319897 
